0.0;1.0
0.1;0.9950041652780258
0.2;0.9800665778412416
0.3;0.955336489125606
0.4;0.9210609940028851
0.5;0.8775825618903728
0.6;0.8253356149096783
0.7;0.7648421872844885
0.8;0.6967067093471654
0.9;0.6216099682706644
1.0;0.5403023058681398
1.1;0.4535961214255773
1.2;0.3623577544766736
1.3;0.26749882862458735
1.4;0.16996714290024104
1.5;0.0707372016677029
1.6;-0.029199522301288815
1.7;-0.12884449429552464
1.8;-0.2272020946930871
1.9;-0.32328956686350335
2.0;-0.4161468365471424
2.1;-0.5048461045998576
2.2;-0.5885011172553458
2.3;-0.6662760212798241
2.4;-0.7373937155412454
2.5;-0.8011436155469337
2.6;-0.8568887533689473
2.7;-0.9040721420170612
2.8;-0.9422223406686581
2.9;-0.9709581651495905
3.0;-0.9899924966004454
3.1;-0.9991351502732795
3.2;-0.9982947757947531
3.3;-0.9874797699088649
3.4;-0.9667981925794611
3.5;-0.9364566872907963
3.6;-0.896758416334147
3.7;-0.848100031710408
3.8;-0.7909677119144168
3.9;-0.7259323042001402
4.0;-0.6536436208636119
4.1;-0.5748239465332692
4.2;-0.4902608213406994
4.3;-0.40079917207997545
4.4;-0.30733286997841935
4.5;-0.2107957994307797
4.6;-0.11215252693505487
4.7;-0.01238866346289056
4.8;0.0874989834394464
4.9;0.18651236942257576
5.0;0.28366218546322625
5.1;0.37797774271298024
5.2;0.4685166713003771
5.3;0.5543743361791608
5.4;0.6346928759426347
5.5;0.70866977429126
5.6;0.7755658785102496
5.7;0.8347127848391598
5.8;0.8855195169413189
5.9;0.9274784307440359
6.0;0.960170286650366
6.1;0.9832684384425845
6.2;0.9965420970232175
6.3;0.9998586363834151
6.4;0.9931849187581926
6.5;0.9765876257280235
6.6;0.9502325919585296
6.7;0.9143831482353194
6.8;0.8693974903498253
6.9;0.8157251001253568
7.0;0.7539022543433046
7.1;0.6845466664428066
7.2;0.6083513145322546
7.3;0.5260775173811053
7.4;0.43854732757439036
7.5;0.3466353178350258
7.6;0.2512598425822557
7.7;0.15337386203786435
7.8;0.05395542056264975
7.9;-0.04600212563953695
8.0;-0.14550003380861354
8.1;-0.2435441537357911
8.2;-0.3391548609838345
8.3;-0.4313768449706208
8.4;-0.5192886541166856
8.5;-0.6020119026848236
8.6;-0.6787200473200125
8.7;-0.7486466455973987
8.8;-0.811093014061656
8.9;-0.8654352092411123
9.0;-0.9111302618846769
9.1;-0.9477216021311119
9.2;-0.9748436214041636
9.3;-0.9922253254526034
9.4;-0.9996930420352065
9.5;-0.9971721561963784
9.6;-0.984687855794127
9.7;-0.9623648798313102
9.8;-0.9304262721047533
9.9;-0.8891911526253609
10.0;-0.8390715290764524
10.1;-0.7805681801691837
10.2;-0.7142656520272003
10.3;-0.6408264175949933
10.4;-0.5609842574272288
10.5;-0.4755369279959925
10.6;-0.3853381907718296
10.7;-0.2912892817213455
10.8;-0.1943299064553348
10.9;-0.09542885100095065
11.0;0.004425697988050785
11.1;0.10423602686569687
11.2;0.2030048638187504
11.3;0.2997453432770149
11.4;0.3934908663478909
11.5;0.4833047587530059
11.6;0.5682896297679736
11.7;0.6475963386538759
11.8;0.7204324789908387
11.9;0.7860702961410393
12.0;0.8438539587324921
12.1;0.8932061115093225
12.2;0.9336336440746373
12.3;0.9647326178866098
12.4;0.9861923022788637
12.5;0.9977982791785807
12.6;0.9994345855010047
12.7;0.9910848718142532
12.8;0.9728325656974354
12.9;0.9448600381598606
13.0;0.9074467814501962
13.1;0.8609666164623065
13.2;0.8058839576404507
13.3;0.7427491727036695
13.4;0.6721930835534681
13.5;0.594920663309892
13.6;0.511703992453149
13.7;0.42337454445066547
13.8;0.33081487794904696
13.9;0.23494981853982308
14.0;0.1367372182078336
14.1;0.03715838479082641
14.2;-0.06279172292408176
14.3;-0.16211443649971827
14.4;-0.25981735621375585
14.5;-0.354924266788705
14.6;-0.4464848914122656
14.7;-0.5335843865891177
14.8;-0.6153524829547208
14.9;-0.6909721807191258
15.0;-0.7596879128588213
15.1;-0.8208130944926683
15.2;-0.8737369830110802
15.3;-0.9179307804142932
15.4;-0.9529529168871803
15.5;-0.9784534628188842
15.6;-0.9941776251838151
15.7;-0.9999682933493399
15.8;-0.9957676088732885
15.9;-0.9816175436063844
16.0;-0.9576594803233847
16.1;-0.9241328000731296
16.2;-0.8813724903622346
16.3;-0.8298057980706491
16.4;-0.7699479605420717
16.5;-0.7023970575027135
16.6;-0.627828035246386
16.7;-0.5469859627942356
16.8;-0.46067858741136253
16.9;-0.36976826386317313
17.0;-0.27516333805159693
17.1;-0.17780907112311564
17.2;-0.07867819473184015
17.3;0.021238808173646012
17.4;0.12094359992847414
17.5;0.2194399632114593
17.6;0.31574375491924334
17.7;0.4088927393988798
17.8;0.49795620278841546
17.9;0.5820442524021224
18.0;0.6603167082440802
18.1;0.7319914978089467
18.2;0.7963524702919231
18.3;0.8527565521308732
18.4;0.9006401723847685
18.5;0.939524893748256
18.6;0.9690221929390499
18.7;0.9888373426941459
18.8;0.9987723565872102
18.9;0.9987279672435017
19.0;0.9887046181866692
19.1;0.9688024594072101
19.2;0.9392203466968708
19.3;0.9002538547473045
19.4;0.8522923238654644
19.5;0.7958149698139441
19.6;0.7313860956454967
19.7;0.6596494533734619
19.8;0.5813218118144357
19.9;0.4971857948712053
